index, frame, sample, time, raw[0], cal[0], raw[1], cal[1], raw[2], cal[2]
0,25,0,0.00976378,0,0,0,0,0,0
1,25,1,0.0195276,0,0,0,0,0,0
2,25,2,0.0292913,0,0,0,0,0,0
3,25,3,0.0390551,0,0,0,0,0,0
4,26,0,0.0488189,0,0,0,0,0,0
5,26,1,0.0585827,0,0,0,0,0,0
6,26,2,0.0683465,0,0,0,0,0,0
7,26,3,0.0781102,0,0,0,0,0,0
8,27,0,0.087874,0,0,0,0,0,0
9,28,0,0.0976378,0,0,0,0,0,0
10,29,0,0.107402,0,0,0,0,0,0
11,30,0,0.117165,0,0,0,0,0,0
12,31,0,0.126929,0,0,0,0,0,0
13,32,0,0.136693,0,0,0,0,0,0
14,33,0,0.146457,0,0,0,0,0,0
15,34,0,0.15622,0,0,0,0,0,0
16,35,0,0.165984,0,0,0,0,0,0
17,36,0,0.175748,0,0,0,0,0,0
18,37,0,0.185512,0,0,0,0,0,0
19,38,0,0.195276,0,0,0,0,0,0
20,39,0,0.205039,0,0,0,0,0,0
21,40,0,0.214803,0,0,0,0,0,0
22,41,0,0.224567,0,0,0,0,0,0
23,42,0,0.234331,0,0,0,0,0,0
24,43,0,0.244094,0,0,0,0,0,0
25,45,0,0.253858,0,0,0,0,0,0
26,45,1,0.263622,0,0,0,0,0,0
27,46,0,0.273386,0,0,0,0,0,0
28,47,0,0.28315,0,0,0,0,0,0
29,48,0,0.292913,0,0,0,0,0,0
30,49,0,0.302677,0,0,0,0,0,0
31,50,0,0.312441,0,0,0,0,0,0
32,51,0,0.322205,0,0,0,0,0,0
33,52,0,0.331969,0,0,0,0,0,0
34,53,0,0.341732,0,0,0,0,0,0
35,54,0,0.351496,0,0,0,0,0,0
36,55,0,0.36126,0,0,0,0,0,0
37,56,0,0.371024,0,0,0,0,0,0
38,57,0,0.380787,0,0,0,0,0,0
39,58,0,0.390551,0,0,0,0,0,0
40,59,0,0.400315,0,0,0,0,0,0
41,60,0,0.410079,0,0,0,0,0,0.0953611
42,61,0,0.419843,0,0,0,0,0,0.267011
43,62,0,0.429606,0,0,0,0,0,0.495878
44,63,0,0.43937,0,0,0,0,0,0.667528
45,64,0,0.449134,0,0,0,0,0,0.877322
46,65,0,0.458898,0,0.0002,0,0.0204839,0,0.915467
47,66,0,0.468661,0,0.0006,0,0.0409677,0,0.896395
48,67,0,0.478425,1,0.0012,1,0.0614516,1,0.915467
49,68,0,0.488189,2,0.0018,1,0.0614516,0,0.953611
50,69,0,0.497953,3,0.0026,1,0.0819355,0,0.896395
51,70,0,0.507717,3,0.0032,0,0.0614516,-1,0.934539
52,71,0,0.51748,4,0.0038,1,0.0614516,1,1.04897
53,72,0,0.527244,4,0.0046,0,0.0819355,-1,1.04897
54,73,0,0.537008,5,0.0056,1,0.102419,1,1.16341
55,74,0,0.546772,7,0.0066,2,0.102419,1,1.27784
56,75,0,0.556535,8,0.008,1,0.143387,-1,1.39227
57,76,0,0.566299,9,0.0096,1,0.163871,0,1.39227
58,77,0,0.576063,11,0.011,2,0.143387,1,1.35413
59,79,0,0.585827,13,0.0126,2,0.163871,0,1.3732
60,79,1,0.595591,14,0.0144,1,0.184355,-1,1.44949
61,80,0,0.605354,16,0.0162,2,0.184355,1,1.46856
62,81,0,0.615118,18,0.0182,2,0.204839,0,1.44949
63,82,0,0.624882,20,0.0204,2,0.225323,0,1.62114
64,83,0,0.634646,23,0.0228,3,0.245806,1,1.54485
65,84,0,0.644409,25,0.0254,2,0.26629,-1,1.43042
66,85,0,0.654173,28,0.0282,3,0.286774,1,1.39227
67,86,0,0.663937,31,0.0308,3,0.26629,0,1.41134
68,87,0,0.673701,34,0.0338,3,0.307258,0,1.27784
69,88,0,0.683465,36,0.0368,2,0.307258,-1,1.22062
70,89,0,0.693228,40,0.0398,4,0.307258,2,1.23969
71,90,0,0.702992,43,0.043,3,0.327742,-1,1.23969
72,91,0,0.712756,46,0.0466,3,0.36871,0,1.33506
73,92,0,0.72252,50,0.05,4,0.348226,1,1.29691
74,93,0,0.732283,54,0.0536,4,0.36871,0,1.43042
75,94,0,0.742047,57,0.0574,3,0.389194,-1,1.43042
76,95,0,0.751811,61,0.0612,4,0.389194,1,1.39227
77,96,0,0.761575,65,0.0652,4,0.409677,0,1.31598
78,97,0,0.771339,69,0.0694,4,0.430161,0,1.43042
79,98,0,0.781102,74,0.0738,5,0.450645,1,1.31598
80,99,0,0.790866,78,0.0782,4,0.450645,-1,1.3732
81,100,0,0.80063,83,0.0828,5,0.471129,1,1.39227
82,101,0,0.810394,87,0.0874,4,0.471129,-1,1.3732
83,102,0,0.820157,92,0.0922,5,0.491613,1,1.41134
84,103,0,0.829921,97,0.097,5,0.491613,0,1.50671
85,104,0,0.839685,102,0.1022,5,0.532581,0,1.56392
86,105,0,0.849449,107,0.1074,5,0.532581,0,1.48763
87,106,0,0.859213,113,0.1128,6,0.553065,1,1.39227
88,107,0,0.868976,118,0.1184,5,0.573548,-1,1.27784
89,108,0,0.87874,124,0.1242,6,0.594032,1,1.14433
90,109,0,0.888504,130,0.13,6,0.594032,0,0.991756
91,110,0,0.898268,136,0.1358,6,0.594032,0,1.12526
92,112,0,0.908031,142,0.1416,6,0.594032,0,1.12526
93,112,1,0.917795,147,0.1476,5,0.614516,-1,1.10619
94,113,0,0.927559,153,0.1536,6,0.614516,1,1.18248
95,114,0,0.937323,160,0.1598,7,0.635,1,1.35413
96,115,0,0.947087,166,0.1664,6,0.675968,-1,1.41134
97,116,0,0.95685,173,0.173,7,0.675968,1,1.44949
98,117,0,0.966614,180,0.1796,7,0.675968,0,1.44949
99,118,0,0.976378,186,0.1864,6,0.696452,-1,1.41134
100,119,0,0.986142,193,0.1934,7,0.716935,1,1.23969
101,120,0,0.995906,200,0.2004,7,0.716935,0,1.14433
102,121,0,1.00567,208,0.2076,8,0.737419,1,1.23969
103,122,0,1.01543,215,0.215,7,0.757903,-1,1.22062
104,123,0,1.0252,222,0.2224,7,0.757903,0,1.27784
105,124,0,1.03496,230,0.2298,8,0.757903,1,1.29691
106,125,0,1.04472,237,0.2374,7,0.778387,-1,1.39227
107,126,0,1.05449,245,0.2452,8,0.798871,1,1.35413
108,127,0,1.06425,253,0.253,8,0.798871,0,1.39227
109,128,0,1.07402,261,0.2612,8,0.839839,0,1.41134
110,129,0,1.08378,269,0.2694,8,0.839839,0,1.41134
111,130,0,1.09354,278,0.2778,9,0.860323,1,1.27784
112,131,0,1.10331,286,0.2862,8,0.860323,-1,1.22062
113,132,0,1.11307,295,0.2948,9,0.880806,1,1.23969
114,133,0,1.12283,303,0.3034,8,0.880806,-1,1.12526
115,134,0,1.1326,312,0.3122,9,0.90129,1,1.20155
116,135,0,1.14236,321,0.321,9,0.90129,0,1.25877
117,136,0,1.15213,330,0.33,9,0.921774,0,1.39227
118,137,0,1.16189,339,0.3392,9,0.942258,0,1.39227
119,138,0,1.17165,348,0.3484,9,0.942258,0,1.56392
120,139,0,1.18142,358,0.3578,10,0.962742,1,1.48763
121,140,0,1.19118,367,0.3674,9,0.983226,-1,1.39227
122,141,0,1.20094,377,0.3772,10,1.00371,1,1.27784
123,142,0,1.21071,387,0.387,10,1.00371,0,1.14433
124,143,0,1.22047,397,0.3972,10,1.04468,0,1.01083
125,144,0,1.23024,407,0.4072,10,1.02419,0,0.972684
126,146,0,1.24,418,0.4172,11,1.02419,1,1.01083
127,146,1,1.24976,427,0.4274,9,1.04468,-2,1.0299
128,147,0,1.25953,437,0.4376,10,1.04468,1,1.14433
129,148,0,1.26929,448,0.4478,11,1.04468,1,1.14433
130,149,0,1.27906,458,0.4584,10,1.08565,-1,1.35413
131,150,0,1.28882,469,0.4692,11,1.10613,1,1.44949
132,151,0,1.29858,480,0.48,11,1.10613,0,1.41134
133,152,0,1.30835,491,0.491,11,1.12661,0,1.44949
134,153,0,1.31811,502,0.502,11,1.12661,0,1.44949
135,154,0,1.32787,513,0.5132,11,1.1471,0,1.29691
136,155,0,1.33764,524,0.5246,11,1.16758,0,1.22062
137,156,0,1.3474,536,0.536,12,1.16758,1,1.23969
138,157,0,1.35717,548,0.5476,12,1.18806,0,1.23969
139,158,0,1.36693,559,0.5594,11,1.20855,-1,1.22062
140,159,0,1.37669,571,0.5712,12,1.20855,1,1.18248
141,160,0,1.38646,583,0.583,12,1.20855,0,1.12526
142,161,0,1.39622,595,0.595,12,1.22903,0,1.06804
143,162,0,1.40598,607,0.6072,12,1.24952,0,0.629383
144,163,0,1.41575,619,0.6194,12,1.24952,0,-0.0190722
145,164,0,1.42551,632,0.6318,13,1.27,1,-0.896395
146,165,0,1.43528,644,0.6442,12,1.27,-1,-1.92629
147,166,0,1.44504,657,0.6566,13,1.27,1,-3.14692
148,167,0,1.4548,669,0.6684,12,1.20855,-1,-4.08146
149,168,0,1.46457,681,0.6796,12,1.1471,0,-4.59641
150,169,0,1.47433,691,0.69,10,1.06516,-2,-4.78713
151,170,0,1.48409,700,0.6998,9,1.00371,-1,-4.53919
152,171,0,1.49386,709,0.7088,9,0.921774,0,-3.85259
153,172,0,1.50362,718,0.7176,9,0.90129,0,-2.93712
154,173,0,1.51339,726,0.7264,8,0.90129,-1,-2.11702
155,174,0,1.52315,735,0.7352,9,0.90129,1,-1.43042
156,175,0,1.53291,744,0.744,9,0.90129,0,-1.12526
157,176,0,1.54268,753,0.753,9,0.921774,0,-1.12526
158,177,0,1.55244,762,0.7618,9,0.90129,0,-1.46856
159,179,0,1.5622,771,0.7704,9,0.880806,0,-1.77372
160,180,0,1.57197,779,0.7788,8,0.860323,-1,-2.04073
161,180,1,1.58173,787,0.7868,8,0.819355,0,-2.15516
162,181,0,1.5915,795,0.7944,8,0.778387,0,-2.11702
163,182,0,1.60126,802,0.8018,7,0.757903,-1,-1.81186
164,183,0,1.61102,809,0.8092,7,0.757903,0,-1.54485
165,184,0,1.62079,816,0.8164,7,0.737419,0,-1.22062
166,185,0,1.63055,824,0.8236,8,0.737419,1,-0.953611
167,186,0,1.64031,831,0.8308,7,0.737419,-1,-0.762889
168,187,0,1.65008,838,0.838,7,0.737419,0,-0.591239
169,188,0,1.65984,845,0.845,7,0.716935,0,-0.381445
170,189,0,1.66961,852,0.852,7,0.716935,0,-0.0572167
171,190,0,1.67937,859,0.8588,7,0.696452,0,0.247939
172,191,0,1.68913,866,0.8656,7,0.696452,0,0.610311
173,192,0,1.6989,872,0.8726,6,0.716935,-1,0.915467
174,193,0,1.70866,879,0.8798,7,0.737419,1,1.06804
175,194,0,1.71843,887,0.8872,8,0.757903,1,0.972684
176,195,0,1.72819,895,0.8948,8,0.778387,0,0.839178
177,196,0,1.73795,903,0.9026,8,0.798871,0,0.362372
178,197,0,1.74772,910,0.9104,7,0.798871,-1,-0.228867
179,198,0,1.75748,918,0.918,8,0.778387,1,-0.705672
180,199,0,1.76724,926,0.9254,8,0.757903,0,-1.04897
181,200,0,1.77701,933,0.9328,7,0.757903,-1,-1.33506
182,201,0,1.78677,940,0.9398,7,0.716935,0,-1.33506
183,202,0,1.79654,947,0.9466,7,0.696452,0,-1.14433
184,203,0,1.8063,953,0.9534,6,0.696452,-1,-0.953611
185,204,0,1.81606,960,0.9602,7,0.696452,1,-0.762889
186,205,0,1.82583,967,0.9668,7,0.675968,0,-0.591239
187,206,0,1.83559,974,0.9736,7,0.696452,0,-0.438661
188,207,0,1.84535,980,0.9804,6,0.696452,-1,-0.610311
189,208,0,1.85512,987,0.987,7,0.675968,1,-0.705672
190,209,0,1.86488,994,0.9936,7,0.675968,0,-0.839178
191,210,0,1.87465,1000,1.0002,6,0.675968,-1,-0.991756
192,211,0,1.88441,1007,1.0066,7,0.655484,1,-1.16341
193,213,0,1.89417,1013,1.0126,6,0.614516,-1,-1.04897
194,213,1,1.90394,1019,1.0188,6,0.635,0,-0.953611
195,214,0,1.9137,1024,1.0248,5,0.614516,-1,-0.972684
196,215,0,1.92346,1031,1.0306,7,0.594032,2,-0.896395
197,216,0,1.93323,1037,1.0364,6,0.594032,-1,-0.724745
198,217,0,1.94299,1042,1.0424,5,0.614516,-1,-0.762889
199,218,0,1.95276,1048,1.0482,6,0.594032,1,-0.915467
200,219,0,1.96252,1054,1.0538,6,0.573548,0,-0.877322
201,220,0,1.97228,1060,1.0594,6,0.573548,0,-0.85825
202,221,0,1.98205,1065,1.065,5,0.573548,-1,-1.06804
203,222,0,1.99181,1070,1.0702,5,0.532581,0,-1.08712
204,223,0,2.00157,1076,1.0754,6,0.532581,1,-1.01083
205,224,0,2.01134,1080,1.0806,4,0.532581,-2,-1.0299
206,225,0,2.0211,1086,1.0858,6,0.532581,2,-1.04897
207,226,0,2.03087,1091,1.0906,5,0.491613,-1,-0.972684
208,227,0,2.04063,1096,1.0956,5,0.512097,0,-0.896395
209,228,0,2.05039,1100,1.1004,4,0.491613,-1,-0.934539
210,229,0,2.06016,1105,1.105,5,0.471129,1,-0.896395
211,230,0,2.06992,1110,1.1096,5,0.471129,0,-0.877322
212,231,0,2.07969,1114,1.1142,4,0.471129,-1,-0.762889
213,232,0,2.08945,1119,1.1186,5,0.450645,1,-0.781961
214,233,0,2.09921,1123,1.123,4,0.450645,-1,-0.724745
215,234,0,2.10898,1127,1.1274,4,0.450645,0,-0.781961
216,235,0,2.11874,1132,1.1316,5,0.430161,1,-0.85825
217,236,0,2.1285,1136,1.1358,4,0.430161,-1,-0.85825
218,237,0,2.13827,1140,1.14,4,0.430161,0,-0.877322
219,238,0,2.14803,1144,1.144,4,0.409677,0,-0.915467
220,239,0,2.1578,1148,1.1478,4,0.389194,0,-0.877322
221,240,0,2.16756,1152,1.1516,4,0.389194,0,-0.85825
222,241,0,2.17732,1155,1.1554,3,0.389194,-1,-0.85825
223,242,0,2.18709,1159,1.159,4,0.36871,1,-0.781961
224,243,0,2.19685,1163,1.1626,4,0.36871,0,-0.724745
225,244,0,2.20661,1166,1.1662,3,0.36871,-1,-0.781961
226,245,0,2.21638,1170,1.1696,4,0.348226,1,-0.85825
227,247,0,2.22614,1173,1.173,3,0.348226,-1,-1.04897
228,247,1,2.23591,1176,1.1764,3,0.348226,0,-1.12526
229,248,0,2.24567,1180,1.1796,4,0.327742,1,-1.29691
230,249,0,2.25543,1183,1.1826,3,0.307258,-1,-1.35413
231,250,0,2.2652,1186,1.1856,3,0.307258,0,-1.48763
232,251,0,2.27496,1188,1.1882,2,0.26629,-1,-1.58299
233,252,0,2.28472,1191,1.1908,3,0.26629,1,-1.73557
234,253,0,2.29449,1193,1.1932,2,0.245806,-1,-1.7165
235,254,0,2.30425,1196,1.1956,3,0.245806,1,-1.64021
236,255,0,2.31402,1198,1.1976,2,0.204839,-1,-1.52578
237,0,0,2.32378,1200,1.1996,2,0.204839,0,-1.3732
238,1,0,2.33354,1201,1.2012,1,0.163871,-1,-1.29691
239,2,0,2.34331,1203,1.2028,2,0.163871,1,-1.20155
240,3,0,2.35307,1204,1.2044,1,0.163871,-1,-1.18248
241,4,0,2.36283,1206,1.206,2,0.163871,1,-1.12526
242,5,0,2.3726,1208,1.2074,2,0.143387,0,-1.14433
243,6,0,2.38236,1209,1.2088,1,0.143387,-1,-1.14433
244,7,0,2.39213,1210,1.21,1,0.122903,0,-1.23969
245,8,0,2.40189,1211,1.211,1,0.102419,0,-1.33506
246,9,0,2.41165,1212,1.2118,1,0.0819355,0,-1.31598
247,10,0,2.42142,1213,1.2126,1,0.0819355,0,-1.27784
248,11,0,2.43118,1213,1.2132,0,0.0614516,-1,-1.23652
249,12,0,2.44094,1214,1.2138,1,0.0614516,1,-1.20019
250,13,0,2.45071,1214,1.2142,0,0.0409677,-1,-1.15796
251,14,0,2.46047,1215,1.2146,1,0.0409677,1,-1.06804
252,15,0,2.47024,1215,1.21475,0,0.0256048,-1,-1.04897
253,16,0,2.48,1215,1.215,0,0.0341398,0,-0.990696
